United_States_09d4:0.002905049211098
2006:0.002601052663040
United_Kingdom_5ad7:0.001381933693276
2005:0.001198785776077
Biography:0.000950231857881
Canada:0.000902948043433
England:0.000897252898679
France:0.000888489576305
2004:0.000834786716495
Germany:0.000763110031137
Australia:0.000738825188152
Geographic_coordinate_system:0.000722554706546
2003:0.000672261798953
India:0.000651145680121
Japan:0.000645777402587
Italy:0.000542419130970
2001:0.000539561851684
2002:0.000533306832033
Internet_Movie_Database_7ea7:0.000527718734330
Europe:0.000514002813042
2000:0.000505009259219
World_War_II_d045:0.000487160678123
London:0.000470074453236
Population_density:0.000452275208234
1999:0.000446418899664
Record_label:0.000446183915032
English_language:0.000443664387416
Spain:0.000443156662935
Russia:0.000418420387229
Race_(United_States_Census)_a07d:0.000415283406358
Wiktionary:0.000408740523612
Wikimedia_Commons_7b57:0.000389606462805
1998:0.000385864293375
Music_genre:0.000375615703614
1997:0.000368118107863
Scotland:0.000362208528710
New_York_City_1428:0.000362021171877
Football_(soccer):0.000352446564407
1996:0.000345343839368
Sweden:0.000340214714714
Television:0.000339458759153
Square_mile:0.000327662198420
Census:0.000326717713307
1995:0.000325277961537
California:0.000322410941768
China:0.000318512347458
Netherlands:0.000313758387111
New_Zealand_2311:0.000312482578150
1994:0.000310555561147
1991:0.000296362568883
1993:0.000293635132755
1990:0.000291916513006
New_York_3da4:0.000289886879812
Public_domain:0.000289559817245
1992:0.000281442926449
United_States_Census_Bureau_2c85:0.000279107103114
Film:0.000278708552637
Actor:0.000276463548893
Scientific_classification:0.000275890010209
Norway:0.000273797725988
Ireland:0.000272592027011
Population:0.000270709495661
Poland:0.000270300703246
1989:0.000263930437892
1980:0.000257874272306
January_1:0.000257872304183
Marriage:0.000255737339646
Brazil:0.000255431810114
Latin:0.000254142613717
Mexico:0.000254010007714
Politician:0.000251315058529
1986:0.000250838427877
1985:0.000244661664647
1979:0.000244439542430
French_language:0.000243774554375
1982:0.000243751608508
1981:0.000243553693248
1974:0.000241356433487
Per_capita_income:0.000241205949684
Album:0.000239460974004
Switzerland:0.000239276855584
1984:0.000239006414395
1987:0.000238787242833
South_Africa_1287:0.000238736833875
1983:0.000238701883728
Record_producer:0.000235823714677
1970:0.000235026354548
1988:0.000233317564855
1976:0.000232281228604
1975:0.000229592645040
Km²:0.000229295667798
Paris:0.000226542759783
1969:0.000226441217981
Greece:0.000226040283926
1945:0.000225328429128
1972:0.000224947052252
1977:0.000223085419689
Personal_name:0.000222994194712
Soviet_Union_ad1f:0.000222497758946
1978:0.000221991918240
