United_States_09d4:0.002905032006329
2006:0.002601076649573
United_Kingdom_5ad7:0.001381924062984
2005:0.001198770556559
Biography:0.000950232035161
Canada:0.000902946609550
England:0.000897257267659
France:0.000888500227283
2004:0.000834763436315
Germany:0.000763160669759
Australia:0.000738818201905
Geographic_coordinate_system:0.000722725288700
2003:0.000672244999079
India:0.000651145556541
Japan:0.000645777074573
Italy:0.000542382834957
2001:0.000539560091809
2002:0.000533306438610
Internet_Movie_Database_7ea7:0.000527705682315
Europe:0.000514040822245
2000:0.000505010268098
World_War_II_d045:0.000487161249831
London:0.000470090427904
Population_density:0.000452296840027
1999:0.000446416487551
Record_label:0.000446173252360
English_language:0.000443684693668
Spain:0.000443189041423
Russia:0.000418420842199
Race_(United_States_Census)_a07d:0.000415281053465
Wiktionary:0.000408755453552
Wikimedia_Commons_7b57:0.000389619070516
1998:0.000385867406202
Music_genre:0.000375614670938
1997:0.000368117601535
Scotland:0.000362215204190
New_York_City_1428:0.000362018605227
Football_(soccer):0.000352449597580
1996:0.000345348468695
Sweden:0.000340213229927
Television:0.000339457888664
Square_mile:0.000327665338053
Census:0.000326718057923
1995:0.000325278095442
California:0.000322410990844
China:0.000318508037310
Netherlands:0.000313766166194
New_Zealand_2311:0.000312485381252
1994:0.000310560968765
1991:0.000296372652449
1993:0.000293615205418
1990:0.000291919248116
New_York_3da4:0.000289889335582
Public_domain:0.000289550296507
1992:0.000281438708945
United_States_Census_Bureau_2c85:0.000279105730636
Film:0.000278702873905
Actor:0.000276459971619
Scientific_classification:0.000275889670506
Norway:0.000273898756834
Ireland:0.000272612850648
Population:0.000270725056028
Poland:0.000270336802547
1989:0.000263938335896
1980:0.000257873237556
January_1:0.000257860779852
Marriage:0.000255736025673
Brazil:0.000255457249352
Latin:0.000254143994131
Mexico:0.000254010212922
Politician:0.000251314347330
1986:0.000250838418147
1985:0.000244660491629
1979:0.000244437006268
French_language:0.000243775547458
1982:0.000243752808624
1981:0.000243552526072
1974:0.000241356353959
Per_capita_income:0.000241204517792
Album:0.000239468213543
Switzerland:0.000239262314441
1984:0.000239000443780
1987:0.000238793966442
South_Africa_1287:0.000238737715177
1983:0.000238712317022
Record_producer:0.000235816191851
1970:0.000235026298389
1988:0.000233317490668
1976:0.000232279330600
1975:0.000229593276736
Km²:0.000229303435496
Paris:0.000226542542286
1969:0.000226444508921
Greece:0.000226042703453
1945:0.000225328294457
1972:0.000224957020473
1977:0.000223085854211
Personal_name:0.000222993533765
Soviet_Union_ad1f:0.000222504696273
1978:0.000221989954110
