United_States_09d4:0.006262544724786
Wikimedia_Commons_7b57:0.004747208297026
Country:0.003876365724522
England:0.002671922135423
United_Kingdom_5ad7:0.002601134687522
Europe:0.002596869321453
Water:0.002574354466479
Germany:0.002530449354759
France:0.002505287963670
Animal:0.002448377338789
Earth:0.002415278209120
City:0.002351471502280
Week:0.002001511083086
Asia:0.001914990086483
Sunday:0.001862134569055
Wiktionary:0.001852782958001
Monday:0.001835018059206
Money:0.001829512432229
Wednesday:0.001816810340586
Plant:0.001804491925776
Friday:0.001772335882083
Computer:0.001754541900025
Saturday:0.001752622942500
English_language:0.001740587000786
Thursday:0.001730001771798
Tuesday:0.001717577106620
Italy:0.001708058561767
Government:0.001697483228082
India:0.001695981244459
Number:0.001581564167344
Spain:0.001552759125444
Japan:0.001508667527512
Canada:0.001492041319103
Day:0.001464465924854
People:0.001438858098782
Human:0.001411405823849
Wikimedia_Foundation_83d9:0.001368796692070
Australia:0.001360222584530
China:0.001359788284978
Energy:0.001327318762273
Food:0.001310808958415
Sun:0.001287556346779
Science:0.001284969080235
Mathematics:0.001270144556436
index:0.001241487529925
Television:0.001219794283299
Capital_(city):0.001182880276552
Russia:0.001176045379887
State:0.001157764954977
Music:0.001151391016344
Year:0.001129201697040
Greece:0.001106092512366
Language:0.001102724635201
Scotland:0.001099696262596
Metal:0.001076010630010
Wikipedia:0.001066736475674
Greek_language:0.001055413679842
2004:0.001050808273882
Planet:0.001025016545382
Sound:0.001019759251166
Religion:0.001016537485765
London:0.001014542205818
Africa:0.000985072347359
20th_century:0.000949881084480
Law:0.000943346486874
Geography:0.000937807896327
Liquid:0.000931359006082
19th_century:0.000931027183352
World:0.000918976075697
Poland:0.000917086639133
Scientist:0.000907045227841
Society:0.000904654767803
Latin:0.000872131836493
Atom:0.000872042791711
History:0.000870224608641
Sweden:0.000863183526746
War:0.000862450991110
Light:0.000858963056627
Netherlands:0.000852474036754
Culture:0.000843762357625
Building:0.000834214377449
God:0.000817829464995
Turkey:0.000815952484510
Plural:0.000810584840039
Information:0.000807645701921
Centuries:0.000799830021777
Chemical_element:0.000787135149938
Portugal:0.000785096840683
Inhabitant:0.000781358780596
Denmark:0.000772022540671
Capital_city:0.000769642711050
Austria:0.000765172573502
Cyprus:0.000753189758101
Species:0.000751352208499
Ocean:0.000750281569105
Book:0.000749402361577
Disease:0.000747693955759
North_America_e7c4:0.000747152285160
University:0.000744790131240
Biology:0.000742444961229
